{
 "cells": [
  {
   "cell_type": "code",
   "execution_count": 1,
   "metadata": {},
   "outputs": [],
   "source": [
    "import pandas as pd\n",
    "import numpy as np\n",
    "import yfinance as yf\n",
    "\n",
    "import statsmodels.api as sm\n",
    "\n",
    "import plotly.express as px\n",
    "import plotly.graph_objects as go\n",
    "from plotly.subplots import make_subplots\n",
    "\n",
    "# import bcb\n",
    "\n",
    "# https://dadosabertos.bcb.gov.br/dataset/20542-saldo-da-carteira-de-credito-com-recursos-livres---total/resource/6e2b0c97-afab-4790-b8aa-b9542923cf88\n",
    "# https://www3.bcb.gov.br/sgspub/localizarseries/localizarSeries.do?method=prepararTelaLocalizarSeries\n",
    "# https://api.bcb.gov.br/dados/serie/bcdata.sgs.20542/dados?formato=json&dataInicial=01/01/2010&dataFinal=31/12/2016"
   ]
  },
  {
   "cell_type": "code",
   "execution_count": 2,
   "metadata": {},
   "outputs": [],
   "source": [
    "acoes = ['ITUB4.SA', 'BBAS3.SA', 'MGLU3.SA', 'BHIA3.SA', 'PETR4.SA', 'PRIO3.SA', 'VALE3.SA', 'CMIN3.SA', 'B3SA3.SA']\n",
    "\n",
    "start_date = '2022-01-01'\n",
    "end_date = '2024-05-31'\n",
    "\n",
    "data_inicial = '01/01/2022'\n",
    "data_final = '31/05/2024'"
   ]
  },
  {
   "cell_type": "code",
   "execution_count": 3,
   "metadata": {},
   "outputs": [
    {
     "name": "stdout",
     "output_type": "stream",
     "text": [
      "[*********************100%%**********************]  9 of 9 completed\n"
     ]
    }
   ],
   "source": [
    "dados_acoes = yf.download(acoes, start_date, end_date, interval='1mo')\n",
    "\n",
    "df_acoes = pd.DataFrame(dados_acoes)\n",
    "df_acoes = df_acoes[['Adj Close']].droplevel(level=0, axis=1)"
   ]
  },
  {
   "cell_type": "code",
   "execution_count": 4,
   "metadata": {},
   "outputs": [],
   "source": [
    "df_retornos = df_acoes.pct_change()\n",
    "df_retornos.columns = [f'Retorno {coluna}' for coluna in df_retornos.columns]"
   ]
  },
  {
   "cell_type": "code",
   "execution_count": 5,
   "metadata": {},
   "outputs": [],
   "source": [
    "def extrair_dados(serie, data_inicio, data_fim):\n",
    "    url = 'https://api.bcb.gov.br/dados/serie/bcdata.sgs.{}/dados?formato=json&dataInicial={}&dataFinal={}'.format(serie, data_inicio, data_fim)\n",
    "\n",
    "    df = pd.read_json(url)\n",
    "    df.columns = ['Data', 'Valor']\n",
    "    df.set_index('Data', inplace=True)\n",
    "    df.index = pd.to_datetime(df.index, dayfirst=True)\n",
    "\n",
    "    return df"
   ]
  },
  {
   "cell_type": "code",
   "execution_count": 6,
   "metadata": {},
   "outputs": [],
   "source": [
    "# inadimplência mensal 21084\n",
    "df_inad = extrair_dados(21084, data_inicial, data_final)\n",
    "df_inad = df_inad.rename(columns={'Valor': 'Inad.'})\n",
    "df_inad['Var. Inad.'] = df_inad['Inad.'].pct_change()\n",
    "\n",
    "# selic acumulada mensal 4390\n",
    "df_selic = extrair_dados(4390, data_inicial, data_final)\n",
    "df_selic = df_selic.rename(columns={'Valor': 'Selic'})\n",
    "df_selic['Var. Selic'] = df_selic['Selic'].pct_change()\n",
    "\n",
    "# meta selic diária 432\n",
    "# df_meta_selic = df_meta_selic.rename(columns={'Valor': 'Meta Selic'})\n",
    "# df_meta_selic = extrair_dados(432, data_inicial, data_final)\n",
    "\n",
    "# ipca mensal 433\n",
    "df_ipca = extrair_dados(433, data_inicial, data_final)\n",
    "df_ipca = df_ipca.rename(columns={'Valor': 'IPCA'})\n",
    "df_ipca['Var. IPCA'] = df_ipca['IPCA'].pct_change()\n",
    "\n",
    "# igpm mensal 189\n",
    "df_igpm = extrair_dados(189, data_inicial, data_final)\n",
    "df_igpm = df_igpm.rename(columns={'Valor': 'IGPM'})\n",
    "df_igpm['Var. IGPM'] = df_igpm['IGPM'].pct_change()\n",
    "\n",
    "# inpc mensal 188\n",
    "df_inpc = extrair_dados(188, data_inicial, data_final)\n",
    "df_inpc = df_inpc.rename(columns={'Valor': 'INPC'})\n",
    "df_inpc['Var. INPC'] = df_inpc['INPC'].pct_change()"
   ]
  },
  {
   "cell_type": "code",
   "execution_count": 7,
   "metadata": {},
   "outputs": [
    {
     "name": "stderr",
     "output_type": "stream",
     "text": [
      "c:\\Users\\Felip\\AppData\\Local\\Programs\\Python\\Python310\\lib\\site-packages\\pandas\\core\\indexes\\base.py:7588: FutureWarning: Dtype inference on a pandas object (Series, Index, ExtensionArray) is deprecated. The Index constructor will keep the original dtype in the future. Call `infer_objects` on the result to get the old behavior.\n",
      "  return Index(sequences[0], name=names)\n",
      "C:\\Users\\Felip\\AppData\\Local\\Temp\\ipykernel_5480\\1814205123.py:10: FutureWarning: Downcasting object dtype arrays on .fillna, .ffill, .bfill is deprecated and will change in a future version. Call result.infer_objects(copy=False) instead. To opt-in to the future behavior, set `pd.set_option('future.no_silent_downcasting', True)`\n",
      "  df_ferro['Var. Ferro'] = df_ferro['Ferro'].pct_change()\n"
     ]
    }
   ],
   "source": [
    "# https://fred.stlouisfed.org/series/PIORECRUSDM\n",
    "\n",
    "df_ferro = pd.read_excel('FRED - Iron Ore.xls').dropna()\n",
    "\n",
    "df_ferro = df_ferro.drop(df_ferro.index[0:2])\n",
    "df_ferro.columns = ['Data', 'Ferro']\n",
    "df_ferro.set_index('Data', inplace=True)\n",
    "df_ferro.index = pd.to_datetime(df_ferro.index)\n",
    "\n",
    "df_ferro['Var. Ferro'] = df_ferro['Ferro'].pct_change()"
   ]
  },
  {
   "cell_type": "code",
   "execution_count": 9,
   "metadata": {},
   "outputs": [],
   "source": [
    "# https://www.opec.org/opec_web/en/data_graphs/40.htm\n",
    "# https://www.statista.com/statistics/277914/monthly-average-prices-of-the-opec-crude-oil-basket/\n",
    "\n",
    "df_petroleo = pd.read_excel(\"OPEP - Petroleo.xlsx\", skiprows=3)\n",
    "\n",
    "df_petroleo.set_index('Data', inplace=True)\n",
    "df_petroleo.index = pd.to_datetime(df_petroleo.index)\n",
    "df_petroleo['Var. Petroleo'] = df_petroleo['Petroleo'].pct_change()"
   ]
  },
  {
   "cell_type": "code",
   "execution_count": 10,
   "metadata": {},
   "outputs": [],
   "source": [
    "df_cap_est = pd.read_excel('Capital Estrangeiro (em MM).xlsx')\n",
    "\n",
    "df_cap_est = df_cap_est.rename(columns={'Mês / Month': 'Data', 'Compras / Buyers (A)': 'Compras', 'Vendas / Sellers (B)': 'Vendas', 'IPO / Follow On (C)': 'IPO', 'A+C-B (Saldo) / A+C-B (Balance)': 'Saldo'}).set_index('Data').dropna()\n",
    "df_cap_est = df_cap_est.drop(df_cap_est.index[-1])\n",
    "df_cap_est.index = pd.to_datetime(df_cap_est.index)\n",
    "df_cap_est = df_cap_est[['Saldo']]\n",
    "\n",
    "df_cap_est['Var. Saldo'] = df_cap_est['Saldo'].pct_change()"
   ]
  },
  {
   "cell_type": "code",
   "execution_count": 11,
   "metadata": {},
   "outputs": [],
   "source": [
    "df_acoes = df_acoes.drop(df_acoes.index[-1])\n",
    "df_retornos = df_retornos.drop(df_retornos.index[-1])\n",
    "df_selic = df_selic.drop(df_selic.index[-1])\n",
    "df_ipca = df_ipca.drop(df_ipca.index[-1])\n",
    "df_igpm = df_igpm.drop(df_igpm.index[-1])\n",
    "df_inpc = df_inpc.drop(df_inpc.index[-1])"
   ]
  },
  {
   "cell_type": "code",
   "execution_count": 12,
   "metadata": {},
   "outputs": [
    {
     "name": "stdout",
     "output_type": "stream",
     "text": [
      "(28, 9)\n",
      "(28, 9)\n",
      "(28, 2)\n",
      "(28, 2)\n",
      "(28, 2)\n",
      "(28, 2)\n",
      "(28, 2)\n",
      "(28, 2)\n",
      "(28, 2)\n",
      "(16, 2)\n"
     ]
    }
   ],
   "source": [
    "print(df_acoes.shape)\n",
    "print(df_retornos.shape)\n",
    "print(df_inad.shape)\n",
    "print(df_selic.shape)\n",
    "print(df_ipca.shape)\n",
    "print(df_igpm.shape)\n",
    "print(df_inpc.shape)\n",
    "print(df_ferro.shape)\n",
    "print(df_petroleo.shape)\n",
    "print(df_cap_est.shape)"
   ]
  },
  {
   "cell_type": "code",
   "execution_count": 13,
   "metadata": {},
   "outputs": [],
   "source": [
    "df_bancario_inad = pd.concat([df_acoes, df_retornos, df_inad], axis=1)[['ITUB4.SA', 'Retorno ITUB4.SA', 'BBAS3.SA', 'Retorno BBAS3.SA', 'Inad.', 'Var. Inad.']]\n",
    "df_varejo_selic_inflacao = pd.concat([df_acoes, df_retornos, df_selic, df_ipca, df_igpm, df_inpc], axis=1)[['MGLU3.SA', 'Retorno MGLU3.SA', 'BHIA3.SA', 'Retorno BHIA3.SA', 'Selic', 'Var. Selic', 'IPCA', 'Var. IPCA', 'IGPM', 'Var. IGPM', 'INPC', 'Var. INPC']]\n",
    "df_petrolifero_petroleo = pd.concat([df_acoes, df_retornos, df_petroleo], axis=1)[['PETR4.SA', 'Retorno PETR4.SA', 'PRIO3.SA', 'Retorno PRIO3.SA', 'Petroleo', 'Var. Petroleo']]\n",
    "df_minerador_ferro = pd.concat([df_acoes, df_retornos, df_ferro], axis=1)[['VALE3.SA', 'Retorno VALE3.SA', 'CMIN3.SA', 'Retorno CMIN3.SA', 'Ferro', 'Var. Ferro']]\n",
    "df_institucional_cap_est = pd.concat([df_acoes, df_retornos, df_cap_est], axis=1)[['B3SA3.SA', 'Retorno B3SA3.SA', 'Saldo', 'Var. Saldo']].dropna()"
   ]
  },
  {
   "cell_type": "code",
   "execution_count": 14,
   "metadata": {},
   "outputs": [],
   "source": [
    "# df_bancario_inad.to_excel('Bancario_Inad.xlsx')\n",
    "# df_varejo_selic_inflacao.to_excel('Varejo_Selic_Inflacao.xlsx')\n",
    "# df_petrolifero_petroleo.to_excel('Petrolifero_Petroleo.xlsx')\n",
    "# df_minerador_ferro.to_excel('Minerador_Ferro.xlsx')\n",
    "# df_institucional_cap_est.to_excel('Institucional_CapEst.xlsx')"
   ]
  },
  {
   "cell_type": "code",
   "execution_count": 15,
   "metadata": {},
   "outputs": [
    {
     "data": {
      "text/html": [
       "<div>\n",
       "<style scoped>\n",
       "    .dataframe tbody tr th:only-of-type {\n",
       "        vertical-align: middle;\n",
       "    }\n",
       "\n",
       "    .dataframe tbody tr th {\n",
       "        vertical-align: top;\n",
       "    }\n",
       "\n",
       "    .dataframe thead th {\n",
       "        text-align: right;\n",
       "    }\n",
       "</style>\n",
       "<table border=\"1\" class=\"dataframe\">\n",
       "  <thead>\n",
       "    <tr style=\"text-align: right;\">\n",
       "      <th></th>\n",
       "      <th>ITUB4.SA</th>\n",
       "      <th>Retorno ITUB4.SA</th>\n",
       "      <th>BBAS3.SA</th>\n",
       "      <th>Retorno BBAS3.SA</th>\n",
       "      <th>Inad.</th>\n",
       "      <th>Var. Inad.</th>\n",
       "    </tr>\n",
       "  </thead>\n",
       "  <tbody>\n",
       "    <tr>\n",
       "      <th>ITUB4.SA</th>\n",
       "      <td>1.000000</td>\n",
       "      <td>0.294376</td>\n",
       "      <td>0.901722</td>\n",
       "      <td>-0.073165</td>\n",
       "      <td>0.025184</td>\n",
       "      <td>-0.458137</td>\n",
       "    </tr>\n",
       "    <tr>\n",
       "      <th>Retorno ITUB4.SA</th>\n",
       "      <td>0.294376</td>\n",
       "      <td>1.000000</td>\n",
       "      <td>0.211363</td>\n",
       "      <td>0.531623</td>\n",
       "      <td>0.073891</td>\n",
       "      <td>0.030201</td>\n",
       "    </tr>\n",
       "    <tr>\n",
       "      <th>BBAS3.SA</th>\n",
       "      <td>0.901722</td>\n",
       "      <td>0.211363</td>\n",
       "      <td>1.000000</td>\n",
       "      <td>0.087767</td>\n",
       "      <td>0.261894</td>\n",
       "      <td>-0.559167</td>\n",
       "    </tr>\n",
       "    <tr>\n",
       "      <th>Retorno BBAS3.SA</th>\n",
       "      <td>-0.073165</td>\n",
       "      <td>0.531623</td>\n",
       "      <td>0.087767</td>\n",
       "      <td>1.000000</td>\n",
       "      <td>0.169584</td>\n",
       "      <td>0.357205</td>\n",
       "    </tr>\n",
       "    <tr>\n",
       "      <th>Inad.</th>\n",
       "      <td>0.025184</td>\n",
       "      <td>0.073891</td>\n",
       "      <td>0.261894</td>\n",
       "      <td>0.169584</td>\n",
       "      <td>1.000000</td>\n",
       "      <td>-0.161130</td>\n",
       "    </tr>\n",
       "    <tr>\n",
       "      <th>Var. Inad.</th>\n",
       "      <td>-0.458137</td>\n",
       "      <td>0.030201</td>\n",
       "      <td>-0.559167</td>\n",
       "      <td>0.357205</td>\n",
       "      <td>-0.161130</td>\n",
       "      <td>1.000000</td>\n",
       "    </tr>\n",
       "  </tbody>\n",
       "</table>\n",
       "</div>"
      ],
      "text/plain": [
       "                  ITUB4.SA  Retorno ITUB4.SA  BBAS3.SA  Retorno BBAS3.SA  \\\n",
       "ITUB4.SA          1.000000          0.294376  0.901722         -0.073165   \n",
       "Retorno ITUB4.SA  0.294376          1.000000  0.211363          0.531623   \n",
       "BBAS3.SA          0.901722          0.211363  1.000000          0.087767   \n",
       "Retorno BBAS3.SA -0.073165          0.531623  0.087767          1.000000   \n",
       "Inad.             0.025184          0.073891  0.261894          0.169584   \n",
       "Var. Inad.       -0.458137          0.030201 -0.559167          0.357205   \n",
       "\n",
       "                     Inad.  Var. Inad.  \n",
       "ITUB4.SA          0.025184   -0.458137  \n",
       "Retorno ITUB4.SA  0.073891    0.030201  \n",
       "BBAS3.SA          0.261894   -0.559167  \n",
       "Retorno BBAS3.SA  0.169584    0.357205  \n",
       "Inad.             1.000000   -0.161130  \n",
       "Var. Inad.       -0.161130    1.000000  "
      ]
     },
     "execution_count": 15,
     "metadata": {},
     "output_type": "execute_result"
    }
   ],
   "source": [
    "df_bancario_inad.corr()"
   ]
  },
  {
   "cell_type": "code",
   "execution_count": 16,
   "metadata": {},
   "outputs": [
    {
     "data": {
      "text/html": [
       "<div>\n",
       "<style scoped>\n",
       "    .dataframe tbody tr th:only-of-type {\n",
       "        vertical-align: middle;\n",
       "    }\n",
       "\n",
       "    .dataframe tbody tr th {\n",
       "        vertical-align: top;\n",
       "    }\n",
       "\n",
       "    .dataframe thead th {\n",
       "        text-align: right;\n",
       "    }\n",
       "</style>\n",
       "<table border=\"1\" class=\"dataframe\">\n",
       "  <thead>\n",
       "    <tr style=\"text-align: right;\">\n",
       "      <th></th>\n",
       "      <th>MGLU3.SA</th>\n",
       "      <th>Retorno MGLU3.SA</th>\n",
       "      <th>BHIA3.SA</th>\n",
       "      <th>Retorno BHIA3.SA</th>\n",
       "      <th>Selic</th>\n",
       "      <th>Var. Selic</th>\n",
       "      <th>IPCA</th>\n",
       "      <th>Var. IPCA</th>\n",
       "      <th>IGPM</th>\n",
       "      <th>Var. IGPM</th>\n",
       "      <th>INPC</th>\n",
       "      <th>Var. INPC</th>\n",
       "    </tr>\n",
       "  </thead>\n",
       "  <tbody>\n",
       "    <tr>\n",
       "      <th>MGLU3.SA</th>\n",
       "      <td>1.000000</td>\n",
       "      <td>0.245041</td>\n",
       "      <td>0.923384</td>\n",
       "      <td>0.215515</td>\n",
       "      <td>-0.179391</td>\n",
       "      <td>0.203730</td>\n",
       "      <td>0.386592</td>\n",
       "      <td>-0.119095</td>\n",
       "      <td>0.328449</td>\n",
       "      <td>0.083087</td>\n",
       "      <td>0.434848</td>\n",
       "      <td>-0.091204</td>\n",
       "    </tr>\n",
       "    <tr>\n",
       "      <th>Retorno MGLU3.SA</th>\n",
       "      <td>0.245041</td>\n",
       "      <td>1.000000</td>\n",
       "      <td>0.161955</td>\n",
       "      <td>0.669625</td>\n",
       "      <td>0.245162</td>\n",
       "      <td>0.056650</td>\n",
       "      <td>-0.226999</td>\n",
       "      <td>-0.120920</td>\n",
       "      <td>-0.162434</td>\n",
       "      <td>-0.095266</td>\n",
       "      <td>-0.212199</td>\n",
       "      <td>-0.003248</td>\n",
       "    </tr>\n",
       "    <tr>\n",
       "      <th>BHIA3.SA</th>\n",
       "      <td>0.923384</td>\n",
       "      <td>0.161955</td>\n",
       "      <td>1.000000</td>\n",
       "      <td>0.314356</td>\n",
       "      <td>0.026091</td>\n",
       "      <td>0.285406</td>\n",
       "      <td>0.186003</td>\n",
       "      <td>-0.279223</td>\n",
       "      <td>0.245396</td>\n",
       "      <td>0.127361</td>\n",
       "      <td>0.237328</td>\n",
       "      <td>-0.196186</td>\n",
       "    </tr>\n",
       "    <tr>\n",
       "      <th>Retorno BHIA3.SA</th>\n",
       "      <td>0.215515</td>\n",
       "      <td>0.669625</td>\n",
       "      <td>0.314356</td>\n",
       "      <td>1.000000</td>\n",
       "      <td>0.243572</td>\n",
       "      <td>0.283175</td>\n",
       "      <td>-0.228667</td>\n",
       "      <td>-0.219597</td>\n",
       "      <td>-0.245147</td>\n",
       "      <td>-0.130493</td>\n",
       "      <td>-0.181521</td>\n",
       "      <td>0.009726</td>\n",
       "    </tr>\n",
       "    <tr>\n",
       "      <th>Selic</th>\n",
       "      <td>-0.179391</td>\n",
       "      <td>0.245162</td>\n",
       "      <td>0.026091</td>\n",
       "      <td>0.243572</td>\n",
       "      <td>1.000000</td>\n",
       "      <td>0.449621</td>\n",
       "      <td>-0.437537</td>\n",
       "      <td>-0.325896</td>\n",
       "      <td>-0.524849</td>\n",
       "      <td>0.161864</td>\n",
       "      <td>-0.447308</td>\n",
       "      <td>-0.364759</td>\n",
       "    </tr>\n",
       "    <tr>\n",
       "      <th>Var. Selic</th>\n",
       "      <td>0.203730</td>\n",
       "      <td>0.056650</td>\n",
       "      <td>0.285406</td>\n",
       "      <td>0.283175</td>\n",
       "      <td>0.449621</td>\n",
       "      <td>1.000000</td>\n",
       "      <td>0.037943</td>\n",
       "      <td>-0.013241</td>\n",
       "      <td>0.131261</td>\n",
       "      <td>0.412173</td>\n",
       "      <td>0.124489</td>\n",
       "      <td>-0.044178</td>\n",
       "    </tr>\n",
       "    <tr>\n",
       "      <th>IPCA</th>\n",
       "      <td>0.386592</td>\n",
       "      <td>-0.226999</td>\n",
       "      <td>0.186003</td>\n",
       "      <td>-0.228667</td>\n",
       "      <td>-0.437537</td>\n",
       "      <td>0.037943</td>\n",
       "      <td>1.000000</td>\n",
       "      <td>0.437769</td>\n",
       "      <td>0.539561</td>\n",
       "      <td>-0.082660</td>\n",
       "      <td>0.981223</td>\n",
       "      <td>0.354761</td>\n",
       "    </tr>\n",
       "    <tr>\n",
       "      <th>Var. IPCA</th>\n",
       "      <td>-0.119095</td>\n",
       "      <td>-0.120920</td>\n",
       "      <td>-0.279223</td>\n",
       "      <td>-0.219597</td>\n",
       "      <td>-0.325896</td>\n",
       "      <td>-0.013241</td>\n",
       "      <td>0.437769</td>\n",
       "      <td>1.000000</td>\n",
       "      <td>0.477263</td>\n",
       "      <td>-0.124856</td>\n",
       "      <td>0.462207</td>\n",
       "      <td>0.525725</td>\n",
       "    </tr>\n",
       "    <tr>\n",
       "      <th>IGPM</th>\n",
       "      <td>0.328449</td>\n",
       "      <td>-0.162434</td>\n",
       "      <td>0.245396</td>\n",
       "      <td>-0.245147</td>\n",
       "      <td>-0.524849</td>\n",
       "      <td>0.131261</td>\n",
       "      <td>0.539561</td>\n",
       "      <td>0.477263</td>\n",
       "      <td>1.000000</td>\n",
       "      <td>0.217353</td>\n",
       "      <td>0.552448</td>\n",
       "      <td>0.353725</td>\n",
       "    </tr>\n",
       "    <tr>\n",
       "      <th>Var. IGPM</th>\n",
       "      <td>0.083087</td>\n",
       "      <td>-0.095266</td>\n",
       "      <td>0.127361</td>\n",
       "      <td>-0.130493</td>\n",
       "      <td>0.161864</td>\n",
       "      <td>0.412173</td>\n",
       "      <td>-0.082660</td>\n",
       "      <td>-0.124856</td>\n",
       "      <td>0.217353</td>\n",
       "      <td>1.000000</td>\n",
       "      <td>-0.060831</td>\n",
       "      <td>-0.008573</td>\n",
       "    </tr>\n",
       "    <tr>\n",
       "      <th>INPC</th>\n",
       "      <td>0.434848</td>\n",
       "      <td>-0.212199</td>\n",
       "      <td>0.237328</td>\n",
       "      <td>-0.181521</td>\n",
       "      <td>-0.447308</td>\n",
       "      <td>0.124489</td>\n",
       "      <td>0.981223</td>\n",
       "      <td>0.462207</td>\n",
       "      <td>0.552448</td>\n",
       "      <td>-0.060831</td>\n",
       "      <td>1.000000</td>\n",
       "      <td>0.363082</td>\n",
       "    </tr>\n",
       "    <tr>\n",
       "      <th>Var. INPC</th>\n",
       "      <td>-0.091204</td>\n",
       "      <td>-0.003248</td>\n",
       "      <td>-0.196186</td>\n",
       "      <td>0.009726</td>\n",
       "      <td>-0.364759</td>\n",
       "      <td>-0.044178</td>\n",
       "      <td>0.354761</td>\n",
       "      <td>0.525725</td>\n",
       "      <td>0.353725</td>\n",
       "      <td>-0.008573</td>\n",
       "      <td>0.363082</td>\n",
       "      <td>1.000000</td>\n",
       "    </tr>\n",
       "  </tbody>\n",
       "</table>\n",
       "</div>"
      ],
      "text/plain": [
       "                  MGLU3.SA  Retorno MGLU3.SA  BHIA3.SA  Retorno BHIA3.SA  \\\n",
       "MGLU3.SA          1.000000          0.245041  0.923384          0.215515   \n",
       "Retorno MGLU3.SA  0.245041          1.000000  0.161955          0.669625   \n",
       "BHIA3.SA          0.923384          0.161955  1.000000          0.314356   \n",
       "Retorno BHIA3.SA  0.215515          0.669625  0.314356          1.000000   \n",
       "Selic            -0.179391          0.245162  0.026091          0.243572   \n",
       "Var. Selic        0.203730          0.056650  0.285406          0.283175   \n",
       "IPCA              0.386592         -0.226999  0.186003         -0.228667   \n",
       "Var. IPCA        -0.119095         -0.120920 -0.279223         -0.219597   \n",
       "IGPM              0.328449         -0.162434  0.245396         -0.245147   \n",
       "Var. IGPM         0.083087         -0.095266  0.127361         -0.130493   \n",
       "INPC              0.434848         -0.212199  0.237328         -0.181521   \n",
       "Var. INPC        -0.091204         -0.003248 -0.196186          0.009726   \n",
       "\n",
       "                     Selic  Var. Selic      IPCA  Var. IPCA      IGPM  \\\n",
       "MGLU3.SA         -0.179391    0.203730  0.386592  -0.119095  0.328449   \n",
       "Retorno MGLU3.SA  0.245162    0.056650 -0.226999  -0.120920 -0.162434   \n",
       "BHIA3.SA          0.026091    0.285406  0.186003  -0.279223  0.245396   \n",
       "Retorno BHIA3.SA  0.243572    0.283175 -0.228667  -0.219597 -0.245147   \n",
       "Selic             1.000000    0.449621 -0.437537  -0.325896 -0.524849   \n",
       "Var. Selic        0.449621    1.000000  0.037943  -0.013241  0.131261   \n",
       "IPCA             -0.437537    0.037943  1.000000   0.437769  0.539561   \n",
       "Var. IPCA        -0.325896   -0.013241  0.437769   1.000000  0.477263   \n",
       "IGPM             -0.524849    0.131261  0.539561   0.477263  1.000000   \n",
       "Var. IGPM         0.161864    0.412173 -0.082660  -0.124856  0.217353   \n",
       "INPC             -0.447308    0.124489  0.981223   0.462207  0.552448   \n",
       "Var. INPC        -0.364759   -0.044178  0.354761   0.525725  0.353725   \n",
       "\n",
       "                  Var. IGPM      INPC  Var. INPC  \n",
       "MGLU3.SA           0.083087  0.434848  -0.091204  \n",
       "Retorno MGLU3.SA  -0.095266 -0.212199  -0.003248  \n",
       "BHIA3.SA           0.127361  0.237328  -0.196186  \n",
       "Retorno BHIA3.SA  -0.130493 -0.181521   0.009726  \n",
       "Selic              0.161864 -0.447308  -0.364759  \n",
       "Var. Selic         0.412173  0.124489  -0.044178  \n",
       "IPCA              -0.082660  0.981223   0.354761  \n",
       "Var. IPCA         -0.124856  0.462207   0.525725  \n",
       "IGPM               0.217353  0.552448   0.353725  \n",
       "Var. IGPM          1.000000 -0.060831  -0.008573  \n",
       "INPC              -0.060831  1.000000   0.363082  \n",
       "Var. INPC         -0.008573  0.363082   1.000000  "
      ]
     },
     "execution_count": 16,
     "metadata": {},
     "output_type": "execute_result"
    }
   ],
   "source": [
    "df_varejo_selic_inflacao.corr()"
   ]
  },
  {
   "cell_type": "code",
   "execution_count": 17,
   "metadata": {},
   "outputs": [
    {
     "data": {
      "text/html": [
       "<div>\n",
       "<style scoped>\n",
       "    .dataframe tbody tr th:only-of-type {\n",
       "        vertical-align: middle;\n",
       "    }\n",
       "\n",
       "    .dataframe tbody tr th {\n",
       "        vertical-align: top;\n",
       "    }\n",
       "\n",
       "    .dataframe thead th {\n",
       "        text-align: right;\n",
       "    }\n",
       "</style>\n",
       "<table border=\"1\" class=\"dataframe\">\n",
       "  <thead>\n",
       "    <tr style=\"text-align: right;\">\n",
       "      <th></th>\n",
       "      <th>PETR4.SA</th>\n",
       "      <th>Retorno PETR4.SA</th>\n",
       "      <th>PRIO3.SA</th>\n",
       "      <th>Retorno PRIO3.SA</th>\n",
       "      <th>Petroleo</th>\n",
       "      <th>Var. Petroleo</th>\n",
       "    </tr>\n",
       "  </thead>\n",
       "  <tbody>\n",
       "    <tr>\n",
       "      <th>PETR4.SA</th>\n",
       "      <td>1.000000</td>\n",
       "      <td>0.197919</td>\n",
       "      <td>0.856438</td>\n",
       "      <td>-0.041163</td>\n",
       "      <td>-0.431009</td>\n",
       "      <td>0.013970</td>\n",
       "    </tr>\n",
       "    <tr>\n",
       "      <th>Retorno PETR4.SA</th>\n",
       "      <td>0.197919</td>\n",
       "      <td>1.000000</td>\n",
       "      <td>0.055038</td>\n",
       "      <td>0.066059</td>\n",
       "      <td>-0.056961</td>\n",
       "      <td>-0.014247</td>\n",
       "    </tr>\n",
       "    <tr>\n",
       "      <th>PRIO3.SA</th>\n",
       "      <td>0.856438</td>\n",
       "      <td>0.055038</td>\n",
       "      <td>1.000000</td>\n",
       "      <td>0.134714</td>\n",
       "      <td>-0.599709</td>\n",
       "      <td>0.018273</td>\n",
       "    </tr>\n",
       "    <tr>\n",
       "      <th>Retorno PRIO3.SA</th>\n",
       "      <td>-0.041163</td>\n",
       "      <td>0.066059</td>\n",
       "      <td>0.134714</td>\n",
       "      <td>1.000000</td>\n",
       "      <td>-0.083599</td>\n",
       "      <td>-0.036848</td>\n",
       "    </tr>\n",
       "    <tr>\n",
       "      <th>Petroleo</th>\n",
       "      <td>-0.431009</td>\n",
       "      <td>-0.056961</td>\n",
       "      <td>-0.599709</td>\n",
       "      <td>-0.083599</td>\n",
       "      <td>1.000000</td>\n",
       "      <td>0.285587</td>\n",
       "    </tr>\n",
       "    <tr>\n",
       "      <th>Var. Petroleo</th>\n",
       "      <td>0.013970</td>\n",
       "      <td>-0.014247</td>\n",
       "      <td>0.018273</td>\n",
       "      <td>-0.036848</td>\n",
       "      <td>0.285587</td>\n",
       "      <td>1.000000</td>\n",
       "    </tr>\n",
       "  </tbody>\n",
       "</table>\n",
       "</div>"
      ],
      "text/plain": [
       "                  PETR4.SA  Retorno PETR4.SA  PRIO3.SA  Retorno PRIO3.SA  \\\n",
       "PETR4.SA          1.000000          0.197919  0.856438         -0.041163   \n",
       "Retorno PETR4.SA  0.197919          1.000000  0.055038          0.066059   \n",
       "PRIO3.SA          0.856438          0.055038  1.000000          0.134714   \n",
       "Retorno PRIO3.SA -0.041163          0.066059  0.134714          1.000000   \n",
       "Petroleo         -0.431009         -0.056961 -0.599709         -0.083599   \n",
       "Var. Petroleo     0.013970         -0.014247  0.018273         -0.036848   \n",
       "\n",
       "                  Petroleo  Var. Petroleo  \n",
       "PETR4.SA         -0.431009       0.013970  \n",
       "Retorno PETR4.SA -0.056961      -0.014247  \n",
       "PRIO3.SA         -0.599709       0.018273  \n",
       "Retorno PRIO3.SA -0.083599      -0.036848  \n",
       "Petroleo          1.000000       0.285587  \n",
       "Var. Petroleo     0.285587       1.000000  "
      ]
     },
     "execution_count": 17,
     "metadata": {},
     "output_type": "execute_result"
    }
   ],
   "source": [
    "df_petrolifero_petroleo.corr()"
   ]
  },
  {
   "cell_type": "code",
   "execution_count": 18,
   "metadata": {},
   "outputs": [
    {
     "data": {
      "text/html": [
       "<div>\n",
       "<style scoped>\n",
       "    .dataframe tbody tr th:only-of-type {\n",
       "        vertical-align: middle;\n",
       "    }\n",
       "\n",
       "    .dataframe tbody tr th {\n",
       "        vertical-align: top;\n",
       "    }\n",
       "\n",
       "    .dataframe thead th {\n",
       "        text-align: right;\n",
       "    }\n",
       "</style>\n",
       "<table border=\"1\" class=\"dataframe\">\n",
       "  <thead>\n",
       "    <tr style=\"text-align: right;\">\n",
       "      <th></th>\n",
       "      <th>VALE3.SA</th>\n",
       "      <th>Retorno VALE3.SA</th>\n",
       "      <th>CMIN3.SA</th>\n",
       "      <th>Retorno CMIN3.SA</th>\n",
       "      <th>Ferro</th>\n",
       "      <th>Var. Ferro</th>\n",
       "    </tr>\n",
       "  </thead>\n",
       "  <tbody>\n",
       "    <tr>\n",
       "      <th>VALE3.SA</th>\n",
       "      <td>1.000000</td>\n",
       "      <td>0.424968</td>\n",
       "      <td>0.127954</td>\n",
       "      <td>0.376571</td>\n",
       "      <td>0.450074</td>\n",
       "      <td>0.541828</td>\n",
       "    </tr>\n",
       "    <tr>\n",
       "      <th>Retorno VALE3.SA</th>\n",
       "      <td>0.424968</td>\n",
       "      <td>1.000000</td>\n",
       "      <td>0.015297</td>\n",
       "      <td>0.468631</td>\n",
       "      <td>-0.150836</td>\n",
       "      <td>0.356818</td>\n",
       "    </tr>\n",
       "    <tr>\n",
       "      <th>CMIN3.SA</th>\n",
       "      <td>0.127954</td>\n",
       "      <td>0.015297</td>\n",
       "      <td>1.000000</td>\n",
       "      <td>0.253633</td>\n",
       "      <td>0.489558</td>\n",
       "      <td>0.263597</td>\n",
       "    </tr>\n",
       "    <tr>\n",
       "      <th>Retorno CMIN3.SA</th>\n",
       "      <td>0.376571</td>\n",
       "      <td>0.468631</td>\n",
       "      <td>0.253633</td>\n",
       "      <td>1.000000</td>\n",
       "      <td>-0.115404</td>\n",
       "      <td>0.622778</td>\n",
       "    </tr>\n",
       "    <tr>\n",
       "      <th>Ferro</th>\n",
       "      <td>0.450074</td>\n",
       "      <td>-0.150836</td>\n",
       "      <td>0.489558</td>\n",
       "      <td>-0.115404</td>\n",
       "      <td>1.000000</td>\n",
       "      <td>0.306078</td>\n",
       "    </tr>\n",
       "    <tr>\n",
       "      <th>Var. Ferro</th>\n",
       "      <td>0.541828</td>\n",
       "      <td>0.356818</td>\n",
       "      <td>0.263597</td>\n",
       "      <td>0.622778</td>\n",
       "      <td>0.306078</td>\n",
       "      <td>1.000000</td>\n",
       "    </tr>\n",
       "  </tbody>\n",
       "</table>\n",
       "</div>"
      ],
      "text/plain": [
       "                  VALE3.SA  Retorno VALE3.SA  CMIN3.SA  Retorno CMIN3.SA  \\\n",
       "VALE3.SA          1.000000          0.424968  0.127954          0.376571   \n",
       "Retorno VALE3.SA  0.424968          1.000000  0.015297          0.468631   \n",
       "CMIN3.SA          0.127954          0.015297  1.000000          0.253633   \n",
       "Retorno CMIN3.SA  0.376571          0.468631  0.253633          1.000000   \n",
       "Ferro             0.450074         -0.150836  0.489558         -0.115404   \n",
       "Var. Ferro        0.541828          0.356818  0.263597          0.622778   \n",
       "\n",
       "                     Ferro  Var. Ferro  \n",
       "VALE3.SA          0.450074    0.541828  \n",
       "Retorno VALE3.SA -0.150836    0.356818  \n",
       "CMIN3.SA          0.489558    0.263597  \n",
       "Retorno CMIN3.SA -0.115404    0.622778  \n",
       "Ferro             1.000000    0.306078  \n",
       "Var. Ferro        0.306078    1.000000  "
      ]
     },
     "execution_count": 18,
     "metadata": {},
     "output_type": "execute_result"
    }
   ],
   "source": [
    "df_minerador_ferro.corr()"
   ]
  },
  {
   "cell_type": "code",
   "execution_count": 19,
   "metadata": {},
   "outputs": [
    {
     "data": {
      "text/html": [
       "<div>\n",
       "<style scoped>\n",
       "    .dataframe tbody tr th:only-of-type {\n",
       "        vertical-align: middle;\n",
       "    }\n",
       "\n",
       "    .dataframe tbody tr th {\n",
       "        vertical-align: top;\n",
       "    }\n",
       "\n",
       "    .dataframe thead th {\n",
       "        text-align: right;\n",
       "    }\n",
       "</style>\n",
       "<table border=\"1\" class=\"dataframe\">\n",
       "  <thead>\n",
       "    <tr style=\"text-align: right;\">\n",
       "      <th></th>\n",
       "      <th>B3SA3.SA</th>\n",
       "      <th>Retorno B3SA3.SA</th>\n",
       "      <th>Saldo</th>\n",
       "      <th>Var. Saldo</th>\n",
       "    </tr>\n",
       "  </thead>\n",
       "  <tbody>\n",
       "    <tr>\n",
       "      <th>B3SA3.SA</th>\n",
       "      <td>1.000000</td>\n",
       "      <td>0.504563</td>\n",
       "      <td>0.518258</td>\n",
       "      <td>-0.113903</td>\n",
       "    </tr>\n",
       "    <tr>\n",
       "      <th>Retorno B3SA3.SA</th>\n",
       "      <td>0.504563</td>\n",
       "      <td>1.000000</td>\n",
       "      <td>0.716351</td>\n",
       "      <td>-0.653798</td>\n",
       "    </tr>\n",
       "    <tr>\n",
       "      <th>Saldo</th>\n",
       "      <td>0.518258</td>\n",
       "      <td>0.716351</td>\n",
       "      <td>1.000000</td>\n",
       "      <td>-0.480137</td>\n",
       "    </tr>\n",
       "    <tr>\n",
       "      <th>Var. Saldo</th>\n",
       "      <td>-0.113903</td>\n",
       "      <td>-0.653798</td>\n",
       "      <td>-0.480137</td>\n",
       "      <td>1.000000</td>\n",
       "    </tr>\n",
       "  </tbody>\n",
       "</table>\n",
       "</div>"
      ],
      "text/plain": [
       "                  B3SA3.SA  Retorno B3SA3.SA     Saldo  Var. Saldo\n",
       "B3SA3.SA          1.000000          0.504563  0.518258   -0.113903\n",
       "Retorno B3SA3.SA  0.504563          1.000000  0.716351   -0.653798\n",
       "Saldo             0.518258          0.716351  1.000000   -0.480137\n",
       "Var. Saldo       -0.113903         -0.653798 -0.480137    1.000000"
      ]
     },
     "execution_count": 19,
     "metadata": {},
     "output_type": "execute_result"
    }
   ],
   "source": [
    "df_institucional_cap_est.corr()"
   ]
  },
  {
   "cell_type": "code",
   "execution_count": 20,
   "metadata": {},
   "outputs": [
    {
     "name": "stdout",
     "output_type": "stream",
     "text": [
      "                                 OLS Regression Results                                \n",
      "=======================================================================================\n",
      "Dep. Variable:               MGLU3.SA   R-squared (uncentered):                   0.576\n",
      "Model:                            OLS   Adj. R-squared (uncentered):              0.525\n",
      "Method:                 Least Squares   F-statistic:                              11.33\n",
      "Date:                Fri, 21 Jun 2024   Prob (F-statistic):                    6.99e-05\n",
      "Time:                        21:02:55   Log-Likelihood:                         -127.13\n",
      "No. Observations:                  28   AIC:                                      260.3\n",
      "Df Residuals:                      25   BIC:                                      264.3\n",
      "Df Model:                           3                                                  \n",
      "Covariance Type:            nonrobust                                                  \n",
      "==============================================================================\n",
      "                 coef    std err          t      P>|t|      [0.025      0.975]\n",
      "------------------------------------------------------------------------------\n",
      "IPCA          30.9309     49.888      0.620      0.541     -71.816     133.678\n",
      "IGPM          -6.4965      5.357     -1.213      0.237     -17.530       4.537\n",
      "INPC          15.2757     51.021      0.299      0.767     -89.804     120.355\n",
      "==============================================================================\n",
      "Omnibus:                        5.572   Durbin-Watson:                   0.703\n",
      "Prob(Omnibus):                  0.062   Jarque-Bera (JB):                4.260\n",
      "Skew:                           0.946   Prob(JB):                        0.119\n",
      "Kurtosis:                       3.275   Cond. No.                         17.3\n",
      "==============================================================================\n",
      "\n",
      "Notes:\n",
      "[1] R² is computed without centering (uncentered) since the model does not contain a constant.\n",
      "[2] Standard Errors assume that the covariance matrix of the errors is correctly specified.\n"
     ]
    }
   ],
   "source": [
    "modelo = sm.OLS(df_varejo_selic_inflacao['MGLU3.SA'], df_varejo_selic_inflacao[['IPCA', 'IGPM', 'INPC']])\n",
    "resultado = modelo.fit()\n",
    "\n",
    "print(resultado.summary())"
   ]
  },
  {
   "cell_type": "code",
   "execution_count": 21,
   "metadata": {},
   "outputs": [
    {
     "name": "stdout",
     "output_type": "stream",
     "text": [
      "                                 OLS Regression Results                                \n",
      "=======================================================================================\n",
      "Dep. Variable:               BHIA3.SA   R-squared (uncentered):                   0.453\n",
      "Model:                            OLS   Adj. R-squared (uncentered):              0.387\n",
      "Method:                 Least Squares   F-statistic:                              6.900\n",
      "Date:                Fri, 21 Jun 2024   Prob (F-statistic):                     0.00153\n",
      "Time:                        21:02:55   Log-Likelihood:                         -141.89\n",
      "No. Observations:                  28   AIC:                                      289.8\n",
      "Df Residuals:                      25   BIC:                                      293.8\n",
      "Df Model:                           3                                                  \n",
      "Covariance Type:            nonrobust                                                  \n",
      "==============================================================================\n",
      "                 coef    std err          t      P>|t|      [0.025      0.975]\n",
      "------------------------------------------------------------------------------\n",
      "IPCA          21.4193     84.510      0.253      0.802    -152.633     195.471\n",
      "IGPM          -7.9876      9.075     -0.880      0.387     -26.678      10.703\n",
      "INPC          39.7289     86.429      0.460      0.650    -138.275     217.733\n",
      "==============================================================================\n",
      "Omnibus:                        2.731   Durbin-Watson:                   0.507\n",
      "Prob(Omnibus):                  0.255   Jarque-Bera (JB):                1.933\n",
      "Skew:                           0.644   Prob(JB):                        0.380\n",
      "Kurtosis:                       3.003   Cond. No.                         17.3\n",
      "==============================================================================\n",
      "\n",
      "Notes:\n",
      "[1] R² is computed without centering (uncentered) since the model does not contain a constant.\n",
